image_width: 320
image_height: 240
camera_name: seek_thermal
camera_matrix:
  rows: 3
  cols: 3
  data: [243.84523439588128, 0.0, 160.8359642265679, 0.0, 254.83204370760077, 106.53495039191063, 0.0, 0.0, 1.0]
distortion_model: plumb_bob
distortion_coefficients:
  rows: 1
  cols: 5
  data: [-0.6666031684177889, 0.4154714031979383, -0.009373106103856887, -0.01596007587837702, 0.0]
rectification_matrix:
  rows: 3
  cols: 3
  data: [1, 0, 0, 0, 1, 0, 0, 0, 1]
projection_matrix:
  rows: 3
  cols: 4
  data: [185.16558837890625, 0.0, 153.28926318774757, 0.0, 0.0, 205.44815063476562, 97.0145283366719, 0.0, 0.0, 0.0, 1.0, 0.0]