image_width: 320
image_height: 240
camera_name: seek_thermal
camera_matrix:
  rows: 3
  cols: 3
  data: [191.6570595253005, 0.0, 142.76983801295074, 0.0, 191.55133120814577, 128.55789046956934, 0.0, 0.0, 1.0]
distortion_model: plumb_bob
distortion_coefficients:
  rows: 1
  cols: 5
  data: [-0.38415839806381885, 0.1021671698543245, -0.012158933689608348, 0.008179245799566644, 0.0]
rectification_matrix:
  rows: 3
  cols: 3
  data: [1, 0, 0, 0, 1, 0, 0, 0, 1]
projection_matrix:
  rows: 3
  cols: 4
  data: [130.15548706054688, 0.0, 148.71282787984455, 0.0, 0.0, 154.06591796875, 126.59179213712923, 0.0, 0.0, 0.0, 1.0, 0.0]