image_width: 320
image_height: 240
camera_name: seek_thermal
camera_matrix:
  rows: 3
  cols: 3
  data: [194.1541712173263, 0.0, 150.5752594406471, 0.0, 191.74089666652714, 120.77960546109315, 0.0, 0.0, 1.0]
distortion_model: plumb_bob
distortion_coefficients:
  rows: 1
  cols: 5
  data: [-0.4096065545084635, 0.12843677856535696, -0.007981915717088008, 0.0042976148648097194, 0.0]
rectification_matrix:
  rows: 3
  cols: 3
  data: [1, 0, 0, 0, 1, 0, 0, 0, 1]
projection_matrix:
  rows: 3
  cols: 4
  data: [137.45973205566406, 0.0, 153.15338880829222, 0.0, 0.0, 151.7865753173828, 116.28158574978443, 0.0, 0.0, 0.0, 1.0, 0.0]